id,Status_C,Status_CL,Status_D
7905,0.37087111932036326,0.006813301557967896,0.6223155791216689
7906,0.574298166875719,0.23141150199289423,0.19429033113138686
7907,0.07562113840839148,0.02739431332345605,0.8969845482681524
7908,0.9529937209453386,0.0023588466218775815,0.04464743243278373
7909,0.8601821048978102,0.03416173024999989,0.10565616485218977
7910,0.9967250920064165,0.0004071504017097427,0.0028677575918736385
7911,0.9879169181503438,0.0027485260068239783,0.009334555842832321
7912,0.10976597257706598,0.025487988526530794,0.8647460388964032
7913,0.001246642887201931,0.00010904921258158237,0.9986443079002164
7914,0.6810022120180379,0.0012949216078875492,0.3177028663740745
7915,0.5816645632327155,0.015232155404831593,0.40310328136245294
7916,0.6241005306057295,0.00214088254471519,0.3737585868495552
7917,0.4082771601942702,0.14108463687096257,0.45063820293476714
7918,0.9245854277636174,0.014882734003895358,0.06053183823248731
7919,0.5602574868842338,0.04769080943667934,0.3920517036790868
7920,0.9692450565026521,0.001723323701511923,0.02903161979583588
7921,0.9459493053029842,0.0043746115530514575,0.04967608314396441
7922,0.02175699630101757,0.006523383797706799,0.9717196199012756
7923,0.8791085342778785,0.00027666542265465465,0.12061480029946699
7924,0.729210592677212,0.08243529946963846,0.18835410785314946
7925,0.0021248642757391847,0.00028446653848065474,0.9975906691857802
7926,0.9101686493531996,0.0005169808378544848,0.08931436980894583
7927,0.8562494020920437,0.027744013029565664,0.11600658487839062
7928,0.014198518487100438,0.00350705317874514,0.9822944283341545
7929,0.9271450603587634,0.008933899312973828,0.0639210403282627
7930,0.18395740973994865,0.08601794402348872,0.7300246462365627
7931,0.9837764930228015,0.002561415404467315,0.013662091572731265
7932,0.11569765375646841,0.010776769774154692,0.8735255764693769
7933,0.5579420948236322,0.012667233540399059,0.42939067163596867
7934,0.9794302343685678,0.000590602196460425,0.019979163434971775
7935,0.9617291177942878,0.003120171571505546,0.03515071063420667
7936,0.9385383453434031,0.011116052049475873,0.05034560260712109
7937,0.3542412470767439,0.008349420626011685,0.6374093322972444
7938,0.9823706624641199,0.0014666366186736179,0.01616270091720648
7939,0.2817890537229279,0.03843341586638289,0.6797775304106892
7940,0.7908167348803351,0.0851334667399047,0.12404979837976007
7941,0.1320567428768971,0.15516660667880283,0.7127766504443
7942,0.8950386877114046,0.006178168467378427,0.09878314382121693
7943,0.007607197082917632,0.007525030433465447,0.9848677724836169
7944,0.9831174724080086,0.00020744030158814596,0.016675087290403255
7945,0.9622270318774507,0.0007702187662147266,0.03700274935633451
7946,0.879748612809053,0.007612209812812018,0.112639177378135
7947,0.9086430435870776,0.001572460092422367,0.0897844963205
7948,0.2954898307114897,0.015018616940842881,0.6894915523476675
7949,0.05586933060264712,0.11083549115383619,0.8332951782435166
7950,0.9753395439310764,0.0035476421774056272,0.021112813891517958
7951,0.2978965399886558,0.14934789341977547,0.5527555665915688
7952,0.254915428987656,0.05957426527367938,0.6855103057386647
7953,0.01466937512053695,0.0006068842506592689,0.9847237406288039
7954,0.9370560063594922,0.007958656758023219,0.05498533688248472
7955,0.24976231960601641,0.0050723699086420325,0.7451653104853416
7956,0.01414864107199553,0.027179484684221173,0.9586718742437834
7957,0.9101070633583072,0.004489269039851952,0.08540366760184079
7958,0.008426896915129772,0.0004190874532162815,0.9911540156316538
7959,0.32246579734831554,0.07007898841388896,0.6074552142377955
7960,0.057496537865306535,0.005672462871353173,0.9368309992633402
7961,0.7914390235913539,0.011411645814014385,0.19714933059463174
7962,0.11454897949330535,0.0011370360740378352,0.8843139844326569
7963,0.1566014350862952,0.026838183445079024,0.8165603814686258
7964,0.00449373779676965,0.0009695025193749924,0.9945367596838552
7965,0.9947029628984146,0.0009039507533344929,0.004393086348251019
7966,0.6874488379976454,0.007362554397967913,0.30518860760438654
7967,0.895540843578113,0.003963029122694277,0.10049612729919256
7968,0.9694885667551179,0.00029562858756642453,0.030215804657315576
7969,0.29901339055231413,0.019797635567243135,0.6811889738804426
7970,0.9434224137719647,0.0005350694889291604,0.056042516739106124
7971,0.983557881306771,0.00025245450774456047,0.016189664185484377
7972,0.5717587966731424,0.2540457132206048,0.17419549010625282
7973,0.9225524644263112,0.0033932515631141234,0.07405428401057468
7974,0.16739865769330042,0.059445564670548484,0.7731557776361511
7975,0.9449427458929732,0.010057836644889476,0.044999417462137384
7976,0.7383642361156498,0.001135039537778638,0.2605007243465715
7977,0.9808365512129987,0.001418070269907718,0.01774537851709367
7978,0.017543200369762015,0.0017401084705581664,0.9807166911596799
7979,0.7460970443220029,0.0037347880646810645,0.25016816761331606
7980,0.9833629337077574,0.00027014358443692873,0.01636692270780581
7981,0.8604852158326385,0.025062774644147082,0.11445200952321423
7982,0.9173074775989406,0.01777976840655202,0.06491275399450726
7983,0.8974526452747839,0.02056721453670938,0.08198014018850674
7984,0.06798201002580719,0.010802631438992284,0.9212153585352005
7985,0.4317494058737243,0.0015410449645471068,0.5667095491617287
7986,0.05837375878448502,0.01401614381779235,0.9276100973977227
7987,0.5916867961366639,0.021953427235202917,0.38635977662813337
7988,0.8257568612530604,0.02463528973656244,0.14960784901037708
7989,0.9038517230164871,0.014259237582579659,0.08188903940093312
7990,0.349760921887394,0.009998542247306194,0.6402405358652997
7991,0.021822216740461493,0.004438235897545522,0.973739547361993
7992,0.9879874032712707,0.002382228908443833,0.009630367820285519
7993,0.8633552139138215,0.009891482507887798,0.12675330357829076
7994,0.979801195309803,0.007040860002553784,0.013157944687643159
7995,0.8434828713844368,0.002013446182133084,0.1545036824334302
7996,0.02191087837871701,0.024798964055912805,0.9532901575653702
7997,0.8495678246389957,0.004793334498180873,0.14563884086282353
7998,0.00023585193367807602,0.00013755249861645275,0.9996265955677055
7999,0.00027892289453738603,0.00021826580045615298,0.9995028113050065
8000,0.946393455111943,0.01194318561139189,0.041663359276665195
8001,0.8620192652023762,0.004596958673016043,0.13338377612460767
8002,0.4061620827341402,0.3488184066516356,0.24501951061422425
8003,0.7912896767259958,0.06444847363033748,0.14426184964366665
8004,0.3864628750245125,0.009374898824772188,0.6041622261507154
8005,0.8465064457896386,0.004153881055124921,0.14933967315523647
8006,0.9494133044156113,0.009420927675792518,0.0411657679085961
8007,0.7799181974773419,0.002614582242371022,0.21746722028028712
8008,0.9753441879908475,0.006370347430579937,0.01828546457857248
8009,0.8476812929770452,0.0036787880819678554,0.148639918940987
8010,0.9209065811780174,0.029160623480965327,0.04993279534101749
8011,0.9424962989081179,0.002336635665165318,0.05516706542671676
8012,0.6642985328607416,0.0020940704104774415,0.333607396728781
8013,0.04664908548694909,0.00929590669491297,0.9440550078181379
8014,0.9448124979943022,0.03326914952740149,0.021918352478296346
8015,0.9634744552068641,0.0011736502314719692,0.035351894561663905
8016,0.9952657804877486,0.001230068256086207,0.003504151256165056
8017,0.5049639286672346,0.0002721260965581852,0.4947639452362073
8018,0.7676023930196884,0.017880607609546042,0.21451699937076568
8019,0.9697531073691503,0.008267794832688155,0.021979097798161453
8020,0.7573236668364619,0.012539465214648021,0.23013686794889007
8021,0.0608950526693407,0.0008348986162743315,0.9382700487143849
8022,0.07961134323470004,0.0043359473592980945,0.9160527094060019
8023,0.6755672322650854,0.1275329273444612,0.19689984039045344
8024,0.9808774688918065,0.0006656091997673285,0.01845692190842622
8025,0.06131529405276042,0.003660009249870759,0.9350246966973689
8026,0.9863354082072643,0.0016130242614502174,0.01205156753128566
8027,0.977288429015504,0.0015709113768574044,0.02114065960763859
8028,0.034385136134147565,0.00679660657400509,0.9588182572918473
8029,0.039534814619567926,0.005382055111275929,0.9550831302691563
8030,0.9927899314358524,0.00029441752721547944,0.006915651036932189
8031,0.8954195105600965,0.044721263373286094,0.059859226066617185
8032,0.9807371185105025,0.0017444125050684602,0.017518468984429058
8033,0.0430407995281774,0.052424281293034614,0.904534919178788
8034,0.6921076087739446,0.005877217475241205,0.3020151737508142
8035,0.9766698463568565,0.0022874080518702684,0.02104274559127327
8036,0.3505661661886824,0.6440080497217165,0.005425784089601156
8037,0.36788676088930794,0.03322272878315699,0.598890510327535
8038,0.8696916612508802,0.005376505106797887,0.12493183364232197
8039,0.050899815738000266,0.05366569882943941,0.8954344854325602
8040,0.45110120242257284,0.08781963098892864,0.46107916658849857
8041,0.253041919499909,0.004329470874882086,0.7426286096252089
8042,0.005224750586064756,0.002588138805885019,0.9921871106080502
8043,0.939341660380013,0.0019708419954786362,0.058687497624508235
8044,0.02993388277164641,0.0005493953914726253,0.9695167218368809
8045,0.15799130519940158,0.2863191514235638,0.5556895433770347
8046,0.9417420589342819,0.0001337966843983845,0.05812414438131966
8047,0.8126527700624142,0.032356450215671136,0.1549907797219146
8048,0.9295201420646227,0.0034985850667388625,0.06698127286863836
8049,0.45420209760802377,0.3731196628516586,0.17267823954031766
8050,0.640429947602871,0.0054387265709529035,0.35413132582617624
8051,0.02130408352836145,0.0017572103137740813,0.9769387061578645
8052,0.9949870839660035,0.0035075714451187168,0.0015053445888776767
8053,0.022134108093688744,0.01914568935078856,0.9587202025555227
8054,0.8769130551475693,0.003298155327025569,0.11978878952540503
8055,0.2774647919830141,0.03173335922340601,0.69080184879358
8056,0.9393639924762113,0.03741507938344562,0.023220928140343048
8057,0.9119480476392073,0.0018331404220779768,0.0862188119387147
8058,0.9692038607675866,0.0036568171362879962,0.0271393220961254
8059,0.7752455193285714,0.010465884056492354,0.2142885966149362
8060,0.033933860953961864,0.033736519407622644,0.9323296196384155
8061,0.03828662649453007,0.07051922007333489,0.8911941534321349
8062,0.016534454991350447,0.003446975247274062,0.9800185697613756
8063,0.9514737517558766,0.009238313467382082,0.03928793477674138
8064,0.010380941547599963,0.05222466737666619,0.9373943910757339
8065,0.9435686061571373,0.004267826789321546,0.052163567053541054
8066,0.9951710562894914,0.00022151298636534153,0.0046074307241431006
8067,0.08047401826730546,0.008970676689003051,0.9105553050436915
8068,0.8529174781120451,0.00946776789902591,0.13761475398892897
8069,0.9537491324567444,0.011136706365195675,0.03511416117805995
8070,0.993147547326873,0.0005439187582797473,0.006308533914847158
8071,0.9549398205424093,0.006231507769131283,0.03882867168845946
8072,0.8873433256534254,0.003880933908033038,0.10877574043854134
8073,0.9746572406011118,0.0016354056292202212,0.023707353769667913
8074,0.8980459924706303,0.00225853224547503,0.0996954752838947
8075,0.9616840860271155,0.004795709305524132,0.03352020466736039
8076,0.9845531916561225,0.0063222698008293995,0.009124538543047981
8077,0.04975845746429768,0.04112881944104332,0.9091127230946591
8078,0.20829784411441224,0.010908111176488095,0.7807940447090996
8079,0.8984714145083041,0.000721806984499807,0.10080677850719603
8080,0.9502228381902975,0.014290877744965035,0.03548628406473737
8081,0.9633824268040719,0.0008018151243753478,0.03581575807155281
8082,0.9167152717753226,0.00506149300084005,0.07822323522383735
8083,0.25591371603607377,0.07994072977484662,0.6641455541890795
8084,0.012573374234888522,0.000794600439343159,0.9866320253257682
8085,0.9703387603669115,0.0042650630181327144,0.025396176614955683
8086,0.00021827619904728017,0.00015900399362026924,0.9996227198073323
8087,0.674159233045034,0.012047697353560548,0.3137930696014054
8088,0.34996126003354494,0.0029412708736184247,0.6470974690928366
8089,0.031695063232067534,0.0005376967775519978,0.9677672399903806
8090,0.02085535412148615,0.002931197145902031,0.9762134487326117
8091,0.9378892233868391,0.002959079833682159,0.059151696779478645
8092,0.0019327091215367038,0.0002615076236622345,0.9978057832548011
8093,0.9665178863399386,0.008368679716791673,0.02511343394326958
8094,0.052609805571178996,0.03771219373395293,0.909678000694868
8095,0.76363372333662,0.10502365213669185,0.13134262452668802
8096,0.36708642842460404,0.007639524159526286,0.6252740474158697
8097,0.2244374495628818,0.02415252867041599,0.7514100217667022
8098,0.9017924460074975,0.02303166658267478,0.07517588740982767
8099,0.8060000147739832,0.001054603355841393,0.19294538187017535
8100,0.049296836816785684,0.0014058306036444132,0.9492973325795699
8101,0.34355784334986755,0.011436205773823848,0.6450059508763086
8102,0.8681773834958597,0.014114952169012514,0.11770766433512769
8103,0.4464326486881053,0.039020128039032605,0.5145472232728621
8104,0.6117435157904368,0.10285312784952044,0.2854033563600427
8105,0.020248668506661627,0.00017972640845180402,0.9795716050848866
8106,0.963566982755815,0.002795305339161239,0.03363771190502386
8107,0.0009092238121078772,0.0032819443805266624,0.9958088318073653
8108,0.9859948197662497,0.003335586223691693,0.010669594010058655
8109,0.7116755785352438,0.0015132898292648785,0.2868111316354914
8110,0.9906892620775977,0.0067733425840683405,0.002537395338333996
8111,0.6928493205252484,0.20195180642426785,0.1051988730504837
8112,0.5532650831669662,0.002631377414145447,0.44410353941888836
8113,0.0037594275063449383,0.005431610516556976,0.9908089619770981
8114,0.006569904117607168,0.010858934661056184,0.9825711612213367
8115,0.989215858212236,0.001405122495876467,0.009379019291887641
8116,0.8999301379716778,0.016387840673599184,0.08368202135472295
8117,0.2682445765247351,0.017215065482493543,0.7145403579927713
8118,0.5723393759980628,0.1033139888992279,0.3243466351027093
8119,0.640322750107953,0.034377485551725595,0.3252997643403213
8120,0.9766771272800947,0.01037204184304815,0.012950830876857005
8121,0.2724103234747049,0.0418297015722756,0.6857599749530194
8122,0.9836612548768416,0.0007477962221269357,0.015590948901031468
8123,0.9903256669776112,0.00090371172846186,0.008770621293927002
8124,0.3168521648429148,0.1381899865729969,0.5449578485840882
8125,0.6752305511130162,0.009082574808368932,0.31568687407861484
8126,0.9235796227040127,0.011312843990286498,0.06510753330570074
8127,0.06627134799700915,0.012776034478055894,0.920952617524935
8128,0.7891961764153984,0.01638357506412267,0.19442024852047884
8129,0.9790291673325042,0.0110226090108627,0.00994822365663305
8130,0.7402177202417388,0.015483216856658764,0.24429906290160247
8131,0.0076000023037992625,0.02444113222483033,0.9679588654713704
8132,0.8787781020703365,0.05681675644327548,0.06440514148638823
8133,0.9710972099316009,0.009281065221635163,0.019621724846763968
8134,0.6905935019976736,0.09792877510933574,0.2114777228929908
8135,0.013171778446951178,0.0004249947146832108,0.9864032268383657
8136,0.05239365567814523,0.0012409986545054907,0.9463653456673492
8137,0.08528022058486087,0.0010495033508223194,0.9136702760643168
8138,0.2981655629229774,0.013932087137238598,0.6879023499397839
8139,0.03274804848673935,0.0016792469969092632,0.9655727045163515
8140,0.9629201600133145,0.007230800140218779,0.029849039846466655
8141,0.9843565782520587,0.0010050756368226233,0.0146383461111185
8142,0.968431077453337,0.024195388546154533,0.007373534000508481
8143,0.8603849247435101,0.13294657479161792,0.0066685004648718155
8144,0.08267544341655869,0.032410587020614084,0.8849139695628273
8145,0.9077639172550588,0.0027859505309681286,0.08945013221397301
8146,0.9612312725840104,0.0010543785113765966,0.03771434890461315
8147,0.5252542066210117,0.005498289641095693,0.46924750373789265
8148,0.9107470968509133,0.001517799019447319,0.08773510412963945
8149,0.987254787636181,0.00416869788836859,0.00857651447545054
8150,0.9690306028145591,0.01017872414632373,0.02079067303911708
8151,0.049123860896976686,0.006429218698574886,0.9444469204044483
8152,0.9688367526464922,0.0016298765827417931,0.029533370770766183
8153,0.6209269733644014,0.00199735064865393,0.37707567598694475
8154,0.9540219759783629,0.03291116021554851,0.013066863806088734
8155,0.13361725313721526,0.01889834682529661,0.8474844000374882
8156,0.9816976700988238,0.011429275822533632,0.00687305407864251
8157,0.8810061502750093,0.0034727617371122337,0.11552108798787844
8158,0.977680730427504,0.013955542286150206,0.008363727286345773
8159,0.5832673057541687,0.02639470737279185,0.3903379868730394
8160,0.6872280126537511,0.028051993219896112,0.2847199941263529
8161,0.8880277146445569,0.010891086961862811,0.10108119839358028
8162,0.15009707911907955,0.5494453572301294,0.30045756365079085
8163,0.3048688363441014,0.047530257748466594,0.6476009059074321
8164,0.5726630384160016,0.016969421195149735,0.4103675403888487
8165,0.016351578364371143,0.00046846835659868736,0.9831799532790301
8166,0.45265468047313406,0.007811573956909053,0.5395337455699569
8167,0.5260360406885555,0.06270772146009493,0.4112562378513495
8168,0.5214343216484366,0.0015282401524196183,0.4770374381991438
8169,0.8816765782854407,0.002001250228800236,0.11632217148575923
8170,0.6618052198923651,0.15289554310530712,0.18529923700232787
8171,0.00226413733003342,0.000573650080955314,0.9971622125890114
8172,0.02025645399882515,0.028480394952974133,0.9512631510482007
8173,0.9048006985185322,0.004166163947625385,0.09103313753384241
8174,0.9936046559723378,0.00010655306150176616,0.0062887909661606236
8175,0.9786149209438008,0.0016257883780846486,0.019759290678114723
8176,0.9047161229675432,0.0022176966504476635,0.09306618038200906
8177,0.13233095947352957,0.015757521541407343,0.8519115189850631
8178,0.793679627831789,0.03934284031863674,0.16697753184957434
8179,0.49868268602068894,0.0102775146968132,0.4910397992824979
8180,0.5514207014651731,0.020487912764521807,0.4280913857703051
8181,0.24603560338558308,0.02437684214829294,0.729587554466124
8182,0.9893648610298451,0.0041611707178440815,0.00647396825231073
8183,0.4777290730511818,0.06688162269767946,0.4553893042511387
8184,0.884265482061822,0.010039959175615197,0.10569455876256273
8185,0.9958198153569037,0.0029809557429896424,0.0011992289001067024
8186,0.9165687349646036,0.029648511892217726,0.05378275314317854
8187,0.11877312609522968,0.02635667751007106,0.8548701963946992
8188,0.900358996205412,0.005255008442491031,0.09438599535209707
8189,0.21538141356444176,0.04137300546690744,0.7432455809686508
8190,0.015265441535532848,0.7956119207425961,0.18912263772187107
8191,0.972980309819133,0.001504970505320145,0.025514719675546915
8192,0.951098079608935,0.0035736168935823734,0.04532830349748273
8193,0.8991630056975184,0.00029579060087417863,0.10054120370160759
8194,0.8906869741314604,0.035116256936835524,0.07419676893170402
8195,0.9270415788554861,0.0019392713462923455,0.07101914979822145
8196,0.9307222682660421,0.0022009887893300545,0.06707674294462777
8197,0.6621025153704285,0.0007999208957092495,0.3370975637338621
8198,0.5231941872049822,0.016815423492133844,0.4599903893028839
8199,0.9574087673951217,0.016664075650710618,0.025927156954167713
8200,0.9954048307819545,0.0011354355098338242,0.0034597337082116764
8201,0.06758500321091447,0.002872593167865605,0.92954240362122
8202,0.4367573229515803,0.05343736669614565,0.509805310352274
8203,0.8626570067029107,0.0019161000126117227,0.13542689328447752
8204,0.11833383075582868,0.018258912667419684,0.8634072565767517
8205,0.9607049933432636,7.249993284978948e-05,0.03922250672388648
8206,0.08211860957840628,0.006178080516536543,0.9117033099050571
8207,0.9858665937673059,0.0015644405750903003,0.012568965657603962
8208,0.03640624032772595,0.020820984003808385,0.9427727756684656
8209,0.45792301799791446,0.0036657035341874722,0.538411278467898
8210,0.9422588458526311,0.0011050315257957362,0.05663612262157313
8211,0.4091939548388228,0.09060027383560086,0.5002057713255763
8212,0.9175872986792882,0.0007469038576944437,0.08166579746301734
8213,0.9181128570320811,0.006443077225083923,0.0754440657428348
8214,0.008806249740020084,0.030026342741946994,0.961167407518033
8215,0.9696391102081356,0.02551881122482432,0.004842078567039954
8216,0.9345337905908953,0.004856116513639454,0.06061009289546535
8217,0.7408652202747092,0.04726009052591956,0.21187468919937125
8218,0.029014590548577832,0.013298257849955501,0.9576871516014666
8219,0.9830957777977009,0.008592527552221953,0.008311694650077197
8220,0.9033519827083937,0.001145573926273693,0.09550244336533258
8221,0.28702503211322766,0.004016473715119868,0.7089584941716525
8222,0.2239027540866515,0.015173519246753694,0.7609237266665948
8223,0.784881321501521,0.03776185464406231,0.17735682385441662
8224,0.8372244585542431,0.02701431271195152,0.13576122873380533
8225,0.1058104073498802,0.037940491033843456,0.8562491016162764
8226,0.0027392712594000914,0.00044100158244541764,0.9968197271581546
8227,0.9904554080556441,0.0032509307483427966,0.006293661196013151
8228,0.8925035977156358,0.002571587347221207,0.10492481493714301
8229,0.25558861826273727,0.006881498459657734,0.7375298832776049
8230,0.5752466814540694,0.017661834718279385,0.40709148382765115
8231,0.8971516996179816,0.07604109109609558,0.026807209285922673
8232,0.7941113792369638,0.011006414047565583,0.1948822067154706
8233,0.03595256606500453,0.001985414309042571,0.962062019625953
8234,0.971285210881825,0.00596804087824134,0.022746748239933594
8235,0.4549600679142332,0.023434849959889942,0.521605082125877
8236,0.3148656551925807,0.01099224243229514,0.6741421023751242
8237,0.9331090594468077,0.023630862988793428,0.043260077564398966
8238,0.2613093513729621,0.0012001963339941229,0.7374904522930438
8239,0.02036174931257295,0.023541774302032793,0.9560964763853942
8240,0.9252592637464376,0.01359521272249504,0.06114552353106716
8241,0.002926275922553683,0.00039515343878803887,0.9966785706386582
8242,0.9031228385515399,0.0022020818316383457,0.09467507961682183
8243,0.5683796258671698,0.20797731519464915,0.2236430589381809
8244,0.9880248564437761,9.18629073694568e-05,0.011883280648854385
8245,0.9665869732344569,0.00793896665132708,0.025474060114216
8246,0.5415422483645934,0.024374614173302243,0.4340831374621045
8247,0.9929032970473322,0.0009091709635662601,0.006187531989101782
8248,0.9877853788318335,0.0033128016594681526,0.008901819508698373
8249,0.9098214017649551,0.002327103340257912,0.08785149489478704
8250,0.9834953870081459,0.00995974867593973,0.006544864315914345
8251,0.6753506833357423,0.0013323847236843167,0.32331693194057337
8252,0.5506815402713572,0.01480009662198442,0.4345183631066585
8253,0.9738000790006097,0.004531958748738073,0.021667962250652237
8254,0.7359662425680085,0.004726815976622273,0.2593069414553692
8255,0.5918248612892131,0.10672622926602418,0.30144890944476277
8256,0.8571188501442741,0.06354981426029274,0.07933133559543315
8257,0.8877876549804449,0.07395017213050319,0.03826217288905204
8258,0.0006992538983446104,0.00013016380933291463,0.9991705822923225
8259,0.011213013207591337,0.03770105102757668,0.951085935764832
8260,0.9799901921224,0.004527957189144299,0.015481850688455832
8261,0.9255203151876483,0.006190165262844224,0.06828951954950752
8262,0.9173117571630564,0.0011699162943325236,0.08151832654261117
8263,0.9214529445040689,0.0569760165566559,0.02157103893927536
8264,0.9515887754225204,0.0006885537738510888,0.04772267080362849
8265,0.7985811968521754,0.04031962700818631,0.16109917613963812
8266,0.004484281093687701,0.0005849173341124359,0.9949308015721998
8267,0.9103230111055785,0.014515529338099313,0.0751614595563222
8268,0.9779131865335652,0.0019152384854974741,0.02017157498093726
8269,0.9430570070129681,0.013477879417928199,0.04346511356910377
8270,0.5196125118606503,0.055049435997204535,0.4253380521421452
8271,0.9536509031498814,0.017967012032372023,0.0283820848177464
8272,0.9831992593382457,0.00021826518152249887,0.016582475480231864
8273,0.917568337819203,0.03108033484851001,0.051351327332286964
8274,0.8917745878616776,0.012772577713789165,0.09545283442453338
8275,0.04072612519105687,0.07117942199537994,0.8880944528135633
8276,0.21777465251696015,0.004058991348477881,0.7781663561345619
8277,0.9539929641541447,0.0158536201073627,0.030153415738492603
8278,0.8702437085836119,0.006253615549836714,0.12350267586655128
8279,0.926654991267626,0.0002970841775516503,0.07304792455482233
8280,0.006139034080518882,0.004978583774239827,0.9888823821452413
8281,0.5470887589659478,0.03380103890516587,0.41911020212888633
8282,0.9864895327477902,0.006205410206636046,0.00730505704557368
8283,0.979752726257301,0.0027421619338872227,0.017505111808811775
8284,0.9777082179466211,0.009746800388409856,0.012544981664969077
8285,0.06442547115598644,0.0018285470956311252,0.9337459817483824
8286,0.9897109582307769,0.001758305820845295,0.00853073594837796
8287,0.8121287853934326,0.002024565986167468,0.18584664862039993
8288,0.987891633837478,0.0006008170723412835,0.0115075490901807
8289,0.6059153583026112,0.02739004055211652,0.3666946011452723
8290,0.11006458274694013,0.005075352527708135,0.8848600647253517
8291,0.12568499439062236,0.0066762524660369405,0.8676387531433406
8292,0.8825427359974837,0.0006552986138860346,0.11680196538863027
8293,0.9016043949403608,0.00046241213776992344,0.09793319292186933
8294,0.9701932348598997,0.0012291191106801563,0.028577646029420242
8295,0.9921156746609097,0.0013530729414007766,0.0065312523976895
8296,0.9496647255985923,0.01053225034791227,0.0398030240534956
8297,0.9494961960075186,0.002135155035657165,0.04836864895682423
8298,0.9919002244689163,0.006104059976687023,0.001995715554396747
8299,0.9055929091671588,0.044461651070451504,0.04994543976238965
8300,0.8851831899601156,0.0073037107586901824,0.10751309928119428
8301,0.7226336624019685,0.00926338152889416,0.2681029560691375
8302,0.08686497205908875,0.16956596698406032,0.7435690609568509
8303,0.8925187446171016,0.0024149494084582464,0.10506630597444007
8304,0.01414645307585185,0.017410600575020925,0.9684429463491271
8305,0.9729315725728559,0.002555407028866583,0.024513020398277647
8306,0.8990318717782528,0.003772972017670397,0.09719515620407675
8307,0.02221907735812767,0.002431745719247776,0.9753491769226246
8308,0.7318240740133627,0.00022232454204398547,0.26795360144459335
8309,0.0967959041279559,0.012090534411935399,0.8911135614601087
8310,0.961027165350469,0.0037841923720383784,0.03518864227749258
8311,0.9620814939856484,0.0002150325359211901,0.03770347347843039
8312,0.9937266055525144,0.0012476140592682142,0.0050257803882173425
8313,0.989480931023182,0.005568977419106841,0.004950091557711107
8314,0.9733611930810747,0.0015788688714996144,0.02505993804742578
8315,0.934882013539836,0.03666195859995454,0.028456027860209458
8316,0.8630822409524718,0.05345540224771165,0.08346235679981658
8317,0.8935244013884631,0.027770576793119398,0.07870502181841751
8318,0.6773117193495372,0.052712703562569456,0.2699755770878935
8319,0.009986832208973125,0.012007188622056521,0.9780059791689704
8320,0.9737441453453203,0.002276647229891467,0.023979207424788155
8321,0.8202276446085469,0.009586628436103726,0.17018572695534942
8322,0.0889830815672025,0.03375786059694161,0.8772590578358558
8323,0.0004020710122655432,0.0011508566663412081,0.9984470723213933
8324,0.021871987654799974,0.006391921487864838,0.9717360908573351
8325,0.9933323337239588,0.0038298262908770405,0.0028378399851641044
8326,0.9720599157601835,0.00557184673746211,0.02236823750235429
8327,0.9758917416841609,0.012179204189712288,0.011929054126126815
8328,0.08056864548670634,0.004340199593862335,0.9150911549194313
8329,0.9937177198909285,0.0009941404636849619,0.005288139645386619
8330,0.31176192102503225,0.007976023109058107,0.6802620558659097
8331,0.9697394175177476,0.0024661018305708058,0.02779448065168176
8332,0.2993832462701201,0.15985503331915318,0.5407617204107268
8333,0.9528700803393972,0.0006397691256323722,0.04649015053497055
8334,0.9146530804882365,0.004096960646159401,0.08124995886560397
8335,0.9513770416874107,0.0010648178314475842,0.047558140481141875
8336,0.1719195930871223,0.00597080559182559,0.8221096013210522
8337,0.46821442599501467,0.006008073763631148,0.5257775002413543
8338,0.9786931910812828,0.003571816203104955,0.017734992715612127
8339,0.2734105343900698,0.05578674623222071,0.6708027193777095
8340,0.9635557653698315,0.0025851848919199775,0.03385904973824849
8341,0.9426313951189571,0.019946981803775517,0.03742162307726752
8342,0.9913247051142485,0.0039465171129888284,0.004728777772762606
8343,0.5190895558015949,0.0029155951403512645,0.47799484905805384
8344,0.035632740305143316,0.09263053487843437,0.8717367248164223
8345,0.9883614921086992,0.0002049940176393725,0.011433513873661495
8346,0.8188350725835453,0.003619903831414869,0.17754502358503993
8347,0.6150240583339888,0.06672301779263985,0.31825292387337134
8348,0.35758226060351206,0.037017947878259475,0.6053997915182285
8349,0.9948749933548723,0.0006068031251195104,0.004518203520008237
8350,0.6918518844756549,0.000964930780905112,0.30718318474344003
8351,0.7796824242932046,0.0006350067375255424,0.21968256896926977
8352,0.9545397280367763,0.0009229348080286913,0.04453733715519492
8353,0.016866120634873603,0.003026508169981684,0.9801073711951448
8354,0.007618363847006403,0.02130104393015207,0.9710805922228416
8355,0.9790864550657497,0.0005834416959248013,0.020330103238325677
8356,0.7833059899100365,0.006339283668007787,0.2103547264219556
8357,0.17489338919560432,0.015098931762580236,0.8100076790418154
8358,0.011708652963865945,0.035624944436414965,0.9526664025997191
8359,0.9815143615827245,0.0016968425384136915,0.016788795878861784
8360,0.9246257691344588,0.0018030757291127464,0.07357115513642849
8361,0.4617307619125608,0.003067997953139606,0.5352012401342996
8362,0.8586477934215716,0.024374380832188437,0.11697782574623984
8363,0.5347505263334046,0.0022217311660864343,0.463027742500509
8364,0.9311841893978762,0.02026904402241051,0.048546766579713276
8365,0.9449567819226364,0.001047582294185477,0.05399563578317807
8366,0.7592201515927118,0.0046664120698876104,0.2361134363374006
8367,0.896414629882614,0.005607344485599353,0.09797802563178666
8368,0.883069174482092,0.0024141757939145025,0.11451664972399365
8369,0.8197932618477928,0.006530499738196461,0.17367623841401078
8370,0.9360467207569197,0.006150631824156511,0.05780264741892375
8371,0.7154871703518987,0.008760963285249043,0.2757518663628522
8372,0.002941876168713453,0.0005370005597343017,0.9965211232715523
8373,0.03768037489817545,0.011981462494502484,0.950338162607322
8374,0.08450731026956572,0.001708307889461007,0.9137843818409732
8375,0.9910555168228136,0.003424076797397004,0.0055204063797894085
8376,0.16955331529727177,0.012198543568338738,0.8182481411343895
8377,0.8472487009306225,0.047241022908833155,0.10551027616054437
8378,0.9356743458012483,0.03094163376382635,0.033384020434925325
8379,0.9697872784910231,0.0034519365730872357,0.026760784935889764
8380,0.4666044549863731,0.0033140397779090835,0.5300815052357178
8381,0.9783044508692564,0.004838351858611257,0.016857197272132394
8382,0.9150554742161213,0.0011145290564279213,0.08382999672745071
8383,0.9538064730242647,0.0013381592446643708,0.04485536773107094
8384,0.9671659826840249,0.004914598159107892,0.027919419156867267
8385,0.06160438914150857,0.1110618575362375,0.827333753322254
8386,0.5246836478800261,0.026154553535854774,0.4491617985841192
8387,0.9858191033543687,0.0006069971212019081,0.0135738995244293
8388,0.722554697295363,0.008324574583957486,0.26912072812067944
8389,0.7030788997472864,0.03126365243517858,0.2656574478175351
8390,0.01668416008781924,0.0014595335281508055,0.98185630638403
8391,0.5361985511852133,0.007069429775428775,0.456732019039358
8392,0.8902018686038442,0.016371215095543797,0.09342691630061199
8393,0.9803578941651591,0.0009080013655177054,0.01873410446932332
8394,0.37666924577957844,0.01954018597057337,0.6037905682498482
8395,0.2392323758431402,0.014677826923766393,0.7460897972330933
8396,0.9237521678539498,0.027223056696979973,0.04902477544907026
8397,0.9843876982765163,0.0007148889929115269,0.014897412730572152
8398,0.9486990746491002,0.004662173797107131,0.04663875155379281
8399,0.9677279447477352,0.005495911258601509,0.026776143993663317
8400,0.00407825889389961,0.0036871630455439946,0.9922345780605564
8401,0.429378772721045,0.315705774227137,0.25491545305181795
8402,0.3227798231971001,0.14208607900120548,0.5351340978016944
8403,0.032803695623008715,0.054219147837743224,0.912977156539248
8404,0.7425249410773399,0.0061144612486196525,0.2513605976740404
8405,0.049887546287871766,0.003849267710122843,0.9462631860020054
8406,0.9628805298688975,0.0002653700120883709,0.036854100119014195
8407,0.9367210347805093,0.0072403367150605,0.05603862850443021
8408,0.9554000933392225,0.0015727014904816853,0.04302720517029592
8409,0.1231827066807387,0.00559226156239272,0.8712250317568686
8410,0.478057068215818,0.16476238177882077,0.35718055000536136
8411,0.9626376291952309,0.004036164424211947,0.033326206380557076
8412,0.021076109412126325,0.006289912753375547,0.972633977834498
8413,0.0062007223890021305,0.00922125877137518,0.9845780188396227
8414,0.9031793403114482,0.007486908064570536,0.08933375162398127
8415,0.9799744678561799,0.0054469137886291276,0.014578618355190897
8416,0.9323608077926326,0.0067561334095192944,0.06088305879784811
8417,0.4332862672446848,0.0016295516983719552,0.5650841810569434
8418,0.8639854363040538,0.014882166419254534,0.12113239727669173
8419,0.030413435607850023,0.024620128990896342,0.9449664354012536
8420,0.6695865602240786,0.0008239168386926054,0.3295895229372289
8421,0.09328480175886003,0.010481299170538598,0.8962338990706014
8422,0.979979333363999,0.0033452571773176687,0.01667540945868334
8423,0.977658774546945,0.006310583057796308,0.016030642395258695
8424,0.7725227728784684,0.04529762825680993,0.1821795988647217
8425,0.9729857631543846,0.003742079649432048,0.02327215719618329
8426,0.021892683685349038,0.02603263766239219,0.9520746786522588
8427,0.35928475838008367,0.15975035624534017,0.4809648853745761
8428,0.9906127192659795,0.0002762457107278327,0.009111035023292632
8429,0.9883028697989469,0.0012725539161642424,0.010424576284888857
8430,0.9712645669339863,0.015314058639376725,0.013421374426636873
8431,0.0744193206700454,0.007390048713397304,0.9181906306165574
8432,0.6681308689898707,0.089390850126972,0.24247828088315737
8433,0.8625499101794913,0.06399300126011935,0.0734570885603892
8434,0.0042325795427056905,0.01278753347182918,0.9829798869854651
8435,0.9779808641175868,0.0001086779500550414,0.02191045793235836
8436,0.9477130834373366,0.0058102767732057855,0.0464766397894575
8437,0.056432859633897575,0.00507099950100611,0.9384961408650964
8438,0.9750639942074483,0.017856349440744802,0.007079656351807046
8439,0.5163798684519291,0.01824175174787587,0.4653783798001951
8440,0.8377387417410455,0.07944172985656099,0.08281952840239366
8441,0.5121652786414146,0.006449097734203591,0.4813856236243818
8442,0.9638046986790948,0.0073015600891737555,0.028893741231731575
8443,0.9734486445923012,0.00034014510013962845,0.026211210307559116
8444,0.9710296761130687,0.00830023147000558,0.020670092416925707
8445,0.9744474739879834,0.020728803417705888,0.004823722594310732
8446,0.8905135786394613,0.0029533124376177186,0.10653310892292096
8447,0.01950259635830706,0.01785727021917922,0.9626401334225136
8448,0.9315152703578794,0.0006212559481684819,0.06786347369395214
8449,0.39492942760181404,0.057473980797369525,0.5475965916008164
8450,0.5817326766072346,0.0632309404327817,0.3550363829599836
8451,0.9652242892410565,0.005723682980643973,0.02905202777829947
8452,0.9904662948702373,0.0011391649682131412,0.00839454016154942
8453,0.9221521149320229,0.006384678477710499,0.0714632065902665
8454,0.44969708770693684,0.013716217789057067,0.5365866945040061
8455,0.1217394579744604,0.001222764252769389,0.8770377777727703
8456,0.5666156448628791,0.007693909473196913,0.4256904456639239
8457,0.954184642512657,0.005384726114023753,0.040430631373319335
8458,0.5790846988350039,0.13622451275216363,0.2846907884128324
8459,0.9810901896607875,0.0014265846010087548,0.017483225738203628
8460,0.9678732059008428,0.013941865534254347,0.01818492856490289
8461,0.06577226115850651,0.021027912865211853,0.9131998259762817
8462,0.967908037812361,0.005999832561757624,0.026092129625881443
8463,0.3103142642430167,0.002381412352698953,0.6873043234042844
8464,0.9625951569431598,0.012003837795215765,0.02540100526162447
8465,0.3752091243178135,0.004352693970217331,0.6204381817119692
8466,0.9060563968025537,0.027222655299936088,0.06672094789751018
8467,0.956143496734931,0.004007013652175078,0.03984948961289379
8468,0.2061514977857347,0.018165867137139198,0.7756826350771262
8469,0.048746849135865016,0.07833015985282255,0.8729229910113125
8470,0.7657816729639817,0.015368098002780118,0.21885022903323811
8471,0.9629453811322966,0.004873493794385468,0.03218112507331792
8472,0.8925451775193326,0.023806493132632604,0.08364832934803483
8473,0.9937430709175972,0.003282188902136851,0.002974740180266103
8474,0.8947972972264648,0.029625311026885415,0.07557739174664971
8475,0.05535210749055965,0.0049620996710569324,0.9396857928383834
8476,0.9570602954175395,0.011809894209664573,0.03112981037279607
8477,0.669958611576626,0.10733709517338726,0.22270429324998672
8478,0.9640482667833261,0.0017446032591541172,0.03420712995751978
8479,0.9255364832328931,0.009237521393490992,0.0652259953736159
8480,0.9253328778392514,0.002891062838999088,0.07177605932174962
8481,0.9837991218593438,0.012023935206262045,0.004176942934394214
8482,0.22148987926343922,0.0021209441599208353,0.77638917657664
8483,0.05162881292214456,0.025692301074289776,0.9226788860035657
8484,0.9322257555465663,0.005795852750170584,0.06197839170326315
8485,0.9810758109363747,0.00847832280244051,0.010445866261184603
8486,0.10386794602530042,0.0023109420852654872,0.893821111889434
8487,0.7969781311549349,0.026506842079945615,0.17651502676511957
8488,0.9813120767412356,0.0065419190840923175,0.012146004174672053
8489,0.8064272740948213,0.002857977194007058,0.1907147487111717
8490,0.14936742408900036,0.03533540839278639,0.8152971675182132
8491,0.0516793481466118,0.0015108500001941695,0.9468098018531941
8492,0.8948904060690211,0.017388022110663995,0.087721571820315
8493,0.9328095877702124,0.0005086982410522369,0.06668171398873544
8494,0.9250389763958597,0.0007204744752310732,0.07424054912890915
8495,0.9712532988725098,0.012638648396436714,0.016108052731053403
8496,0.9498958032675936,0.015788637024043567,0.03431555970836295
8497,0.9701339742787629,0.0029788461497464924,0.026887179571490716
8498,0.055042404900073366,0.001528614446883799,0.9434289806530427
8499,0.9284072161190493,0.0032914036151986703,0.06830138026575203
8500,0.8660083441305628,0.0629979950858244,0.07099366078361277
8501,0.7350318608909732,0.004471698471403835,0.26049644063762306
8502,0.04647684599097312,0.000847152524637993,0.9526760014843888
8503,0.9072868638927936,0.01067596697928303,0.08203716912792333
8504,0.017213015231719832,0.0010167181249840479,0.9817702666432961
8505,0.9709903017486827,0.0007413179496246439,0.0282683803016927
8506,0.9789462876990971,0.0009764519719885109,0.020077260328914374
8507,0.7560317977076616,0.002773323328712153,0.24119487896362615
8508,0.9424100113453722,0.0016314384388964574,0.055958550215731234
8509,0.97881209821567,0.0013091490240446507,0.019878752760285504
8510,0.8697823090133407,0.05295460090107749,0.07726309008558174
8511,0.95273653296701,0.02056927522645554,0.02669419180653432
8512,0.008589188526097096,0.0004101175832198336,0.9910006938906831
8513,0.44371750940591376,0.10626319600350377,0.45001929459058243
8514,0.05112565729095085,0.004617872961132041,0.9442564697479172
8515,0.7751253675488657,0.001418294489761367,0.22345633796137285
8516,0.09045507908647901,0.00435398856470458,0.9051909323488164
8517,0.5858407089625095,0.0058826429126722455,0.4082766481248181
8518,0.5019584350648134,0.09503006152869402,0.40301150340649267
